	OSCC cell	CAF	MSC	MAF	Mst	DC	EC	T.cell	Mac	B.cell	Myo	LNM
N0_1	0.94946168	0.037149904	0.000108817	0.007989718	3.09E-05	0	0.001128997	0.003654123	0	2.73E-05	0.000448571	0
N0_2	0.960906998	0.029299783	0	0.003827149	3.33E-05	0	0.004337063	0.001595662	0	0	0	0
N0_3	0.863626801	0.06571028	0	0	0	0	0.011141971	0.005286934	0.05050831	0	0.003725704	0
N0_4	0.946941285	0.037037391	0	0.000491487	0.000101282	0	0.000205884	0.004879465	0.010343207	0	0	0
N0_5	0.978963023	0.015043781	0	0	0	0	0	0.005930557	0	5.90E-05	3.60E-06	0
N0_6	0.894853252	0.073193695	0	0	0.000124186	0	0.012052932	0.011263105	0.00691142	0.001592292	9.12E-06	0
N0_7	0.925771295	0.056780965	0	0	0.00028727	0	0.010242966	0.00284094	0	0	0.004076565	0
N0_8	0.901109351	0.082305814	0	0.010980296	7.93E-05	0	0.002687551	0.001985113	0.000647314	0	0.000205245	0
N0_9	0.925863999	0.030542591	0	0	0	0.001592927	0.019349931	0.000314278	0.017650648	0	0.004685627	0
N0_10	0.981917735	0.006963411	0	0.004984012	2.57E-05	0	0.000637163	0.000481662	0	0	0.004990319	0
N0_11	0.913629351	0.077403293	0	0	5.23E-05	0	0.002220841	0.004904449	0.000675887	0.001113845	0	0
N0_12	0.927403529	0.020417772	0	0.006774509	0	0	0.005840412	0.001212385	0	0	0.038351394	0
N0_13	0.987335827	0.006878408	5.41E-05	0.001429821	0	0.000421756	0.001210488	0.001807029	0.000849666	2.82E-06	1.01E-05	0
N0_14	0.978594024	0.004050632	0	0.003000417	0.000313898	0	0	0.008657845	0.002823877	0.002559307	0	0
N0_15	0.979009027	0.015896334	0	0	1.05E-05	0	0	0.005084165	0	0	0	0
N0_16	0.72616743	0.184893871	0	0	7.84E-05	0.002204988	0.035981097	0.010395568	0.040278649	0	0	0
N0_17	0.858617255	0.040801888	9.32E-05	0	0	0	0.014071801	0.011126084	0.074512822	0.000619827	0.000157124	0
N0_18	0.909426251	0.060281417	0	0.006406451	4.65E-05	0	0.006026239	0.002621512	0.002464239	0	0.012727351	0
N0_19	0.887599855	0.035599101	0	0.00945981	0	0	0.014679623	0.004962912	0.015212372	0.000102871	0.032383456	0
N0_20	0.814342113	0.071009797	0.002542067	0	0	0.000386922	0.016689482	0	0.040181945	0	0.054847674	0
N0_21	0.96022185	0.020494112	0	0.000322074	0	0.002845295	0.003099143	0	0.013005433	1.21E-05	0	0
N0_22	0.967429643	0.018654634	0	0.005867543	7.34E-05	0	0.001433841	0.006249656	0	1.66E-06	0.000289613	0
N0_23	0.989145669	0.007122402	0	0.001289885	0.00016873	0	0	0.002002048	0	0.000271265	0	0
N0_24	0.772512206	0.086941647	0	0	0.000501214	0.000583775	0.021157306	0.015713199	0.038280577	0	0.064310075	0
N0_25	0.901476672	0.085193924	0	0.004230237	0.000172639	0	0	0.004985459	0.003901537	5.00E-06	3.45E-05	0
N0_26	0.965444366	0.025394615	0	0.000413694	0	0	0.006452757	0.002110666	0	7.32E-05	0.000110712	0
N0_27	0.892016939	0.067061561	0	0	5.57E-05	0.001232249	0.007531792	0.00338093	0.027633554	0	0.001087281	0
N0_28	0.94003732	0.039470604	0.000454052	0.001080126	0	0	0.014753729	0.004184676	0	1.95E-05	0	0
N0_29	0.826659431	0.103737888	0	0	0.000541448	0	0.011837641	0.00452719	0.030567551	0	0.022128852	0
N0_30	0.965906321	0.025301357	0	0.00072798	0	0	0.004524011	0.002977692	0	0	0.000562639	0
N0_31	0.89760578	0.044230772	0	0.000116831	0	0.001719553	0.012055722	0.008967886	0.034803292	0.000500164	0	0
N0_32	0.84773433	0.040453146	0.002340609	0.000632847	7.63E-05	0	0.015230746	0.001577417	0.006986477	3.61E-05	0.08493205	0
N0_33	0.869757988	0.018744042	0.004467216	0.004125446	0.000818039	0.002331659	0.010364059	0.030990381	0.058093855	0.000307316	0	0
N0_34	0.961050723	0.030590152	0	0	2.14E-05	0	0	0.004395532	0.003942223	0	0	0
N0_35	0.974598033	0.004209452	0	0.0103907	2.03E-05	0	0.002621143	0.003368305	0	0	0.004792023	0
N0_36	0.649546879	0.247870546	0	0	7.63E-05	0	0.010349671	0.003301437	0.060474825	0	0.028380359	0
N0_37	0.982052022	0.011676022	0.000241696	0.001562206	1.49E-05	0	0.001809604	0.002607481	0	0	3.60E-05	0
N0_38	0.93455543	0.042298459	0	0	9.55E-05	0.000150752	0.005840404	0.002801287	0.014245695	1.25E-05	0	0
N0_39	0.957406714	0.004117878	0	0.002148701	8.43E-05	0	0.004745311	0.006593732	0.024372738	0.00051491	1.57E-05	0
N0_40	0.93544854	0.029765268	0	0	7.73E-05	0.002941072	0.006041848	0.002438403	0.017477066	0	0.00581054	0
N0_41	0.680190271	0.212993483	0	0	0.000103314	0	0.018624974	0.015439456	0.055934709	0.002287408	0.014426385	0
N0_42	0.940100097	0.03137216	0	0	0	0.000747242	0.004912823	0.000571918	0.022133864	0	0.000161895	0
N0_43	0.935514693	0.035310338	0	0	0.000113988	0	0.004656672	0.003142797	0.00302995	0	0.018231563	0
N0_44	0.970626016	0.020451572	0	0.0068899	0	0	0.001527999	0.000504513	0	0	0	0
N0_45	0.965979936	0.023680595	0	0.007768181	0	0	0.000231986	0.002339302	0	0	0	0
N0_46	0.780411326	0.118137702	0	0	0	0	0.024712185	0.013901258	0.04365262	0.003165147	0.016019762	0
N0_47	0.980896527	0.007306071	0	0.004887737	3.00E-05	0	0.001364814	0.003453379	0	0	0.002061517	0
N0_48	0.604396447	0.262969334	0	0	0.0002542	0	0.039708853	0.007136999	0.073955696	0.000638794	0.010939677	0
N0_49	0.944540087	0.042817271	0	0.003819927	0	0	0.008174202	0.000648513	0	0	0	0
N0_50	0.985591912	0.005021115	0	0.00207784	0.000224571	0	0.000580629	0.005639071	0	3.63E-05	0.000828562	0
N0_51	0.751753267	0.021463414	0	0.007954625	0	0	0.012112797	0	0.146356575	0	0.060359322	0
N0_52	0.661350959	0.294522969	0	0.013918987	0	0	0.010148619	0.002296108	0.013665987	0	0.004096372	0
N0_53	0.962145286	0.016769937	0	0.000760965	0	0	0.001200643	0.000824122	0.018299046	0	0	0
N0_54	0.974114118	0.021063138	0	0.002851021	0	0	0.000239566	0.001732157	0	0	0	0
N0_55	0.649676033	0.155812121	0	0.01593489	0.00018805	0.00042486	0.026165756	0	0.01572877	3.94E-05	0.136030164	0
N0_56	0.869192618	0.039838292	0.00054735	0	2.37E-05	0	0	0.017521156	0.072522825	0	0.000354021	0
N0_57	0.932218129	0.030268734	0	0.001640474	0	0.00198658	0.000174888	0.0070365	0.026674696	0	0	0
N0_58	0.786157547	0.006066002	0.002511452	0.014300428	0	0.024701915	0.010061166	0.034989564	0.120946447	8.82E-05	0.000177275	0
N0_59	0.932450711	0.041866797	0	0.006072986	0.000108687	0.000376147	0.01673662	0.002388051	0	0	0	0
N0_60	0.981061001	0.003361537	0	0.004492798	0	0	0.000872636	0.004022893	0	0	0.006189134	0
N0_61	0.899868341	0.0722666	0	0	0.000484565	0	0.011861985	0.003191501	0.001240033	0	0.011086976	0
N0_62	0.759217328	0.08552043	0	0	0.000208839	0	0.011656792	0.02021771	0.071004748	0.004101	0.048073154	0
N0_63	0.898054704	0.018682614	2.80E-06	0	0	0.000463941	0.006306019	0.002314659	0.068496463	0	0.005678803	0
N0_64	0.963021585	0.006173675	0	0.001533217	2.54E-05	0	0.006614992	0.007531799	0.015092412	6.93E-06	0	0
N0_65	0.965893949	0.011147556	0	0.001177024	3.93E-05	0	0	0.004151992	0	0	0.01759016	0
N0_66	0.981050538	0.010778707	0	0.002566596	0	0	0.002098865	0.003505294	0	0	0	0
N0_67	0.946462248	0.023940593	0.00013149	0.003398864	0	0	0.005109259	0.006070763	0.013974915	6.98E-06	0.000904886	0
N0_68	0.826295193	0.031967701	0	0	0	0.00195626	0.011129432	0.000190518	0.009392905	0	0.11906799	0
N0_69	0.771053409	0.111081669	0	0	0	0.002099733	0.029612927	0.007158496	0.043984466	0	0.035009301	0
N0_70	0.843300928	0.048766062	0.003286997	0	0	0	0.008518365	0.001363308	0.093538364	0.000378525	0.000847451	0
N0_71	0.706492364	0.130361061	0	0	7.39E-05	0.001649849	0.023132624	0.008766547	0.127616027	0	0.001907636	0
N0_72	0.864988408	0.046766935	0	0	0	0	0.023767283	0.00481582	0.011916298	0	0.047745257	0
N0_73	0.800817495	0.108850553	0	0.004238143	0	0.000841572	0.026874725	0.00306646	0.015908966	0	0.039402087	0
N0_74	0.941825993	0.027022538	0	0.001794403	0	0.000206725	0.004070111	5.63E-05	0.024917692	0	0.000106248	0
N0_75	0.943699351	0.054715854	0	0	2.64E-05	0	0.000960868	0.000597553	0	0	0	0
N0_76	0.987613616	0.005415657	0	0.00130346	3.89E-05	0	0.000522863	0.002390541	0	9.76E-05	0.002617425	0
N0_77	0.952478573	0.042439707	0	0	3.87E-05	0	0.00213968	0.002861177	3.36E-05	8.47E-06	0	0
N0_78	0.942393511	0.024055863	0	0.004812622	0.000110099	0	0.004015786	0.004491769	0.00528662	0	0.014833729	0
N0_79	0.726737502	0.215614697	0	0.001925695	0	0	0.054963196	0	0	0	0.00075891	0
N0_80	0.888423849	0.019557738	0	0.002108635	0	0.002624943	0.015842786	0.013882342	0.057460416	7.84E-05	2.09E-05	0
N0_81	0.943169437	0.042527057	0.003003501	0.00173505	8.82E-06	0	0.003003895	0.004436539	0	0.002115703	0	0
N0_82	0.817388585	0.114537978	0	0.000251684	0	0	0.014398628	0.002936379	0.005851625	0.000278827	0.044356293	0
N0_83	0.81975036	0.107916068	0.000436285	0	6.76E-05	9.39E-05	0.013118222	0.000368024	0.05398879	0	0.004260806	0
N0_84	0.891051083	0.029991702	0	0	1.99E-05	0.009897858	0.016173911	0.008668024	0.044196419	1.08E-06	0	0
N0_85	0.89083742	0.079927384	0	0.027267468	7.96E-06	0	0.000435753	0.000549906	0	0	0.000974108	0
N0_86	0.832700552	0.071792363	0	0	0	0.006151781	0.012935929	0.014145358	0.058655768	0.00180389	0.001814359	0
LNM_1	0.938667546	0.040103971	0	0	0.000275094	0	0	0.005397023	0.015404536	0.00015183	0	1
LNM_2	0.942257038	0.020270663	0	0.001732098	5.88E-05	0	0.0092977	0.00375478	0.022250226	0.000378653	0	1
LNM_3	0.729093173	0.15601283	0	0.015115515	0	0.001759919	0.012171634	0	0.030744172	0	0.055102756	1
LNM_4	0.883248218	0.089213909	0	0	0.000189989	0	0.006974957	0.004285105	0.016087823	0	0	1
LNM_5	0.976671126	0.005710786	0.000174919	0.005882178	7.89E-05	0	0.003423899	0.005219335	0.002804402	2.71E-05	7.41E-06	1
LNM_6	0.985460914	0.002346027	0	0.007382017	8.55E-06	0	0.000227431	0.002457912	0	0	0.002117148	1
LNM_7	0.821408424	0.020267988	0	0.00074971	0.000113798	0	0.017065226	0.008589837	0.051586482	0.000521193	0.079697342	1
LNM_8	0.895110601	0.069304903	0	0	0.000177033	1.04E-05	0.008695438	0.004852185	0.008813512	0	0.013035935	1
LNM_9	0.987576873	0.007268145	0	0.003646859	9.57E-05	0	0.000999404	0.00039046	0	2.25E-05	0	1
LNM_10	0.820929073	0.141750124	0	0	0	0.00016836	0.015155958	0.002296538	0.019699947	0	0	1
LNM_11	0.956238098	0.015035012	0	0.011208475	3.15E-06	0	0.001694186	0.001039403	0	0	0.014781672	1
LNM_12	0.93251179	0.043983524	0	0.002657387	3.67E-05	0	0.00122985	0.001241644	0.001381941	0	0.016957175	1
LNM_13	0.988374059	0.004165094	0	0.004715484	4.18E-05	0	0	0.00237455	0	0	0.00032906	1
LNM_14	0.836286108	0.072324026	0	0	0.000103385	0.000596335	0.021613949	0.008243078	0.034213746	0.00207171	0.024547664	1
LNM_15	0.90284902	0.007114071	0.000154752	0.002968777	6.52E-05	0	0.010305005	0.011628637	0.064792253	4.39E-05	7.84E-05	1
LNM_16	0.895166075	0.023415599	0	0	2.93E-05	0.000602935	0.011328309	0.005557107	0.05186816	6.68E-05	0.011965715	1
LNM_17	0.993159016	0.001837257	0.000547933	0.002522012	7.12E-05	0	0.000208476	0.001575473	0	4.71E-06	7.39E-05	1
LNM_18	0.724545287	0.159734668	0	0	0	0	0.019701622	0.006111711	0.07356348	0	0.016343232	1
LNM_19	0.985293032	0.009109219	0	0	0	0	0	0.002362012	0.002925553	0.000310183	0	1
LNM_20	0.951586755	0.023371896	0	0	6.22E-05	0	0.004241499	0.005399067	0.014591442	2.16E-05	0.000725596	1
LNM_21	0.894437562	0.07429442	0	0.001090647	0.000144435	0	0.023570673	0.001213308	0.003904486	0.001344471	0	1
LNM_22	0.941726473	0.023348455	0.001142999	0.003801388	0.0001023	0.000474523	0.01192209	0.001766905	0.015690248	2.46E-05	0	1
LNM_23	0.970983913	0.025879637	5.47E-05	0	4.97E-05	0.000212977	0.00088982	0.001929252	0	0	0	1
LNM_24	0.950096157	0.041236793	0	0.000323923	7.04E-05	0	0.006005949	0.002153341	0	8.88E-05	2.47E-05	1
LNM_25	0.688709859	0.168971736	0.001628659	0	0.000748449	0.00581495	0.052278161	0.021014498	0.060031624	0	0.000802064	1
LNM_26	0.910346751	0.064912698	0.00029709	0.008776443	0.000216323	0	0.007599239	0.003063635	0	0.000122913	0.004664908	1
LNM_27	0.870194033	0.048190317	0	0.000556325	0.000114079	0	0.009663741	0.004514003	0.012095675	0	0.054671827	1
LNM_28	0.744186528	0.086962155	0	0	0	0.001247073	0.014097232	0.021209818	0.131819667	0.000122201	0.000355325	1
LNM_29	0.939427471	0.021787492	0.0010652	0.015546825	0	0	0.007568455	0.007988122	0.004684614	0	0.001931821	1
LNM_30	0.663402439	0.130480128	0	0	0.000192247	0.006375031	0.05839939	0.02053359	0.106252461	0.003778581	0.010586133	1
LNM_31	0.913718109	0.059027975	0	0.003935051	0	0	0.001952426	0.002656557	0.018635658	0	7.42E-05	1
LNM_32	0.911846555	0.080700011	0.000546948	0	5.18E-06	0	6.41E-05	0.001730661	0.005092458	0	1.41E-05	1
LNM_33	0.966226332	0.002605765	0.001357147	0.001583985	9.00E-05	0.000140131	0.003403866	0.002074325	0.022159268	1.48E-05	0.000344443	1
LNM_34	0.825252909	0.102277703	0	0	0	0	0.017715851	0.000262842	0.029326298	0	0.025164397	1
LNM_35	0.60298483	0.324193737	0	0.048517487	0.000170614	0	0.005055541	0.00188772	0.014067026	4.51E-06	0.003118534	1
LNM_36	0.986243661	0.010005036	0	0.002071472	0	0	0	0.001621572	0	0	5.83E-05	1
LNM_37	0.973389616	0.014316901	0	0.000943454	0	0	0.000786375	0.007061827	0	0	0.003501827	1
LNM_38	0.820911371	0.150325135	0	0	1.24E-05	0	0.014512296	0.002674735	0	0	0.011564052	1
LNM_39	0.981962692	0.01362137	0	0.003281047	0	0	0	0.001046502	0	0	8.84E-05	1
LNM_40	0.280861897	0.189495338	0	0.025589316	7.68E-05	0.003607843	0.077542674	0.00022215	0.052277242	0.000133738	0.370193033	1
LNM_41	0.821880607	0.066847946	0	0.000712787	0.000100936	0.000502763	0.008862293	0.000837803	0.096690062	0	0.003564803	1
LNM_42	0.761205888	0.16346488	0	0	0.000417141	7.03E-05	0.014027931	0.00787575	0.045612238	0.005911668	0.00141419	1
LNM_43	0.828751864	0.015966121	0.005330236	0	0	0.004330158	0.011292747	0.00084364	0.128699904	0	0.004785329	1
LNM_44	0.965385644	0.013225554	0	0.002616324	0	0	0.004660084	0.00531033	0.00878388	1.82E-05	0	1
LNM_45	0.949571011	0.028868636	0	0.008764225	7.03E-05	0	0.00415483	0.003372869	0	4.35E-06	0.005193729	1
LNM_46	0.679131162	0.106410814	0.000565279	0.008594863	0	0.018592249	0.077872697	0	0.108799571	3.34E-05	0	1
LNM_47	0.733102785	0.165504751	0	0.001526612	0	5.97E-05	0.010280151	0.00051357	0.035478401	0	0.05353401	1
LNM_48	0.984711521	0.013052291	0.001058479	0	1.90E-05	0	0	0.001130806	0	2.79E-05	0	1
LNM_49	0.839212718	0.055441129	0.001234124	0	0.000267734	0.002322844	0.013384935	0	0.046143208	1.58E-05	0.041977503	1
LNM_50	0.845879676	0.142974181	0	0	4.80E-05	0.000438667	0	0.002315841	0.008343628	0	0	1
LNM_51	0.719977587	0.220659333	0	0	0.000235425	0.00078181	0.025200987	0.002130352	0.02772392	0	0.003290586	1
LNM_52	0.978856472	0.00405743	0	0.009806912	7.88E-06	0	0.00299932	0.000402922	0	0	0.003869065	1
LNM_53	0.959882135	0.032603759	0	0	6.94E-05	0	0.002801651	0.003377885	0.001255146	9.99E-06	0	1
LNM_54	0.806107538	0.104296616	0	0	0	0.001673252	0.021009737	0.000480356	0.066432502	0	0	1
LNM_55	0.985491078	0.009090784	1.11E-05	0.001642037	9.40E-06	0	0.000535011	0.002725957	0	0	0.000494674	1
LNM_56	0.97026242	0.020820064	0.002398207	0	0.00010135	0	0.000725694	0.005692265	0	0	0	1
LNM_57	0.968548033	0.026886509	9.59E-05	0.001755538	0	0	0.001007584	0.001671504	0	0	3.50E-05	1
LNM_58	0.794098375	0.164437881	0	0	0	0.004171737	0.002452527	0.00075334	0.032821322	0	0.001264818	1
LNM_59	0.967308683	0.028269582	0	0	0	0	0.00115516	0.003025677	0	0	0.000240898	1
LNM_60	0.728623695	0.181349414	0	0	0	0	0.011187265	0.010818085	0.06802154	0	0	1
LNM_61	0.988850856	0.0035512	0	0.000987871	0	0	0.000322833	0.002766785	0	0	0.003520457	1
LNM_62	0.747301515	0.156990715	0	0.053947411	0.000319762	0	0.01145819	0	0.006508801	0	0.023473606	1
LNM_63	0.790042495	0.084878249	0.000690344	0.019706684	0	0	0.014743312	0.002405849	0.052481003	0	0.035052065	1
LNM_64	0.987190336	0.009728954	0	0	0	0	0.00116727	0.00191344	0	0	0	1
LNM_65	0.920638451	0.039446518	0	0.012564761	0	0.000157038	0.003998618	0	0.019691308	0	0.003503306	1
LNM_66	0.930750564	0.025189436	0	0.01312398	0	0	0.0048409	0.001059787	0.001995305	0	0.023040029	1
LNM_67	0.941925551	0.036273818	0	0.014307862	0	0	0.004019091	0.003473678	0	0	0	1
LNM_68	0.974450487	0.011383565	0.000101231	0.008665093	1.23E-05	0	0.001145194	0.002331126	0	0	0.001911018	1
LNM_69	0.647777918	0.052974778	0.008985781	0.020544217	0	0.014574979	0.073078356	0.010514785	0.17091838	0.000307738	0.00032307	1
LNM_70	0.920695071	0.061742283	0	0	5.73E-06	0	0.00816828	0.003886969	0.005501671	0	0	1
LNM_71	0.97833097	0.011008485	0	0.006728863	4.00E-05	0	0	0.001562778	0.001142247	0	0.001186665	1
LNM_72	0.972464438	0.023510261	0	0	7.04E-05	0	0	0.003842307	0	1.15E-05	0.000101129	1
LNM_73	0.950873988	0.006357371	0.001441812	0.003246584	0	0.000432622	0.009222945	0	0.028424677	0	0	1
LNM_74	0.96296369	0.028543957	0	0.004297355	0	0	0.002529268	0.001665729	0	0	0	1
LNM_75	0.816247407	0.053579145	0	0	0.000104096	0.002690032	0.014110298	0	0.079821265	2.61E-05	0.033421704	1
LNM_76	0.98936989	0.004203458	0	0.00506901	0	0	0	0.001330403	0	0	2.72E-05	1
LNM_77	0.638775103	0.22788752	0	0.026468268	0.000177222	0	0.039671061	0.007518529	0.045123908	0	0.014378389	1
LNM_78	0.725653293	0.03031625	0	0.004387618	0	0	0.001005123	0.004122647	0.05542751	0	0.179087559	1
LNM_79	0.987988123	0.004356848	0	0.004837226	0	0	0.001186609	0.001515009	0	2.16E-06	0.000114023	1
LNM_80	0.937841051	0.043661447	0	0.001570073	2.28E-05	0	0.001983066	0.0013793	0.009399116	4.33E-05	0.00409988	1
LNM_81	0.856940658	0.076779227	0	0.014203081	0.000148712	0	0.010191373	0.00210134	0.00712605	0	0.032509558	1
LNM_82	0.927246596	0.063715818	0	0.000406307	2.89E-05	0	0.000774601	0.002119184	0.004998194	0	0.000710373	1
LNM_83	0.962521127	0.016290456	0	0.001130152	0	0.000988905	0.003214889	0.005919049	0.00515677	7.99E-05	0.004698798	1
LNM_84	0.920176245	0.035195882	0.001336845	0	0	0.000953954	0.01603772	0.000980743	0.020859612	0	0.004458999	1
LNM_85	0.97411471	0.018894303	0.002079777	0	0	0	0.001105565	0.003805459	0	1.86E-07	0	1
LNM_86	0.388796774	0.124852402	0	0	0.000200715	0	0.022059616	0.010227729	0.016344351	0.000148555	0.437369858	1
LNM_87	0.846700432	0.135970191	0	0	6.23E-05	0	0.003480177	0.004220418	0.006376472	0.00128253	0.001907519	1
LNM_88	0.951131016	0.011209009	0.000217729	0	0.000138612	0	0.004298524	0.007254936	0.004479822	0	0.021270353	1
LNM_89	0.92580148	0.053816806	0	0.001433096	8.46E-05	0.002230516	0.008156056	0.002253909	0.004712567	0.000330529	0.001180406	1
LNM_90	0.42319354	0.134567908	0	0	0	0.00543358	0.082420092	0.0092659	0.11829618	0.002476863	0.224345938	1
LNM_91	0.997906232	0.000266337	0	0.000696505	0	0	0	0.001130927	0	0	0	1
LNM_92	0.908385231	0.054761724	0	0.000391356	0.00018797	0	0.007228883	0.005819849	0.008097089	0	0.015127898	1
LNM_93	0.585810846	0.255126526	0	0.086117945	0	0	0.024362345	0.008647242	0.005460599	0.002647625	0.031826873	1
LNM_94	0.521057276	0.272607007	0	0	0	0	0.104196589	0.007974289	0.087959976	0	0.006204863	1
LNM_95	0.878592951	0.055952976	0	0.027652395	6.54E-05	0	0.01125596	0.00094125	0	8.93E-05	0.025449772	1
LNM_96	0.941924225	0.01177514	0.000189623	0.002336026	0	0.002241788	0.00587037	0.006387266	0.029205218	0	7.03E-05	1
LNM_97	0.96114957	0.023260521	0.001312595	0	0.000285417	0	0	0.002539613	0	0	0.011452284	1
LNM_98	0.9075326	0.036167437	0	0	0	0.001129996	0.007449117	0	0.047113393	0.000394843	0.000212614	1
LNM_99	0.914066235	0.049796807	0	0	6.11E-07	0	0.010515418	0.007183511	0.017376216	0.001061202	0	1
LNM_100	0.737209779	0.164179061	0	0.020708362	0.000178042	0.000113479	0.023249685	0.003693877	0.031076893	0.001116418	0.018474404	1
LNM_101	0.946692828	0.018251107	0.000746174	0.001885795	0	0.000523517	0.00675701	0	0.025143569	0	0	1
LNM_102	0.621816889	0.150172804	0	0	0	0	0.020593525	0	0.018179098	0	0.189237683	1
LNM_103	0.890732817	0.021687152	0	0.001816698	0	0.000415857	0.009735259	0.0022057	0.068839569	3.22E-05	0.004534719	1
LNM_104	0.908432489	0.064020571	2.71E-05	0.015539765	0.000305029	0	0.009283849	0.002331375	0	1.93E-05	4.06E-05	1
LNM_105	0.878867829	0.079039706	0	0.005416412	0	0	0.025525104	0.001534044	0.009616906	0	0	1
LNM_106	0.978651696	0.004564521	0	0	0	0	0	0.00267878	0.010729311	0	0.003375691	1
LNM_107	0.770112992	0.207856026	0	0	6.02E-06	0	0.010715047	0.005181028	0.005773389	9.29E-05	0.00026263	1
LNM_108	0.914075786	0.034796889	0.000908075	0.028648267	8.57E-05	0	0	0.003257317	0	0	0.018227999	1
LNM_109	0.994072825	0.002626278	0.000350763	0.000593451	0	0	0	0.002356682	0	0	0	1
LNM_110	0.88720935	0.050889137	0.002870645	0	0	0	0.019325568	0	0.023867398	0	0.015837902	1
LNM_111	0.916204238	0.050123203	0	0.004877485	0	0	0.004763774	0.003464088	0.001262592	0	0.019304619	1
LNM_112	0.94142152	0.02122236	0	0.00110067	3.95E-05	0.001057977	0.002139239	0.004717606	0.028280732	2.04E-05	0	1
LNM_113	0.915115607	0.048470878	6.55E-05	0.001131718	0	0	0.001310366	0.000856471	0.032966896	0	8.26E-05	1
LNM_114	0.855557272	0.0330249	0	0.013932816	9.26E-05	0	0.02172274	0.002848679	0.059730045	0	0.013090961	1
LNM_115	0.919172596	0.033074188	2.71E-05	0.002856095	0	0	0.013717077	0.002541645	0.028551378	3.63E-05	2.36E-05	1